3,03,51,52,49,27,311
2,98,97,10,31,91,850
3,74,17,11,48,83,824
3,57,95,18,48,39,744
3,00,45,53,49,23,327
21,50,85,201
77,27,27,50,46,139
4,66,69,74,48,99,104
4,97,66,51,51,00,771
2,98,32,48,45,69,336
7,67,32,26,30,757
1,09,42,81,50,99,094
5,06,91,24,51,02,801
5,03,72,51,51,00,674
45,36,92,44,94,91,86,50,00,000
4,93,41,06,49,46,332
6,75,52,17,09,585
1,36,00,38,47,78,942
3,46,46,83,50,88,270
4,99,69,59,51,00,788
3,75,29,75,40,21,785
3,85,02,66,50,63,317
3,79,86,57,35,10,467
32,69,81,49,97,626
3,73,48,13,50,48,464
5,07,87,57,50,95,542
2,22,29,03,50,65,749
4,60,07,82,50,85,694
2,35,07,08,46,76,471
5,04,27,89,50,47,121
2,25,94,21,50,87,126
4,73,32,08,50,76,768
5,04,19,50,51,00,938
4,57,93,39,51,00,486
3,28,72,06,50,93,974
4,72,07,02,50,91,455
4,91,49,90,50,66,564
4,94,95,95,50,77,259
5,10,03,40,51,00,658
5,07,06,35,50,89,005
2,10,04,89,47,45,148
2,24,52,33,51,02,523
4,98,31,60,50,86,027
5,04,07,99,50,80,28,95,00,00,00,00,00,000
5,10,14,95,51,03,021
4,40,56,24,51,02,796
5,06,19,99,51,00,044
23,67,33,21,12,63,20,30,00,000
2,76,20,01,46,27,354
39,45,98,75,09,24,81,50,00,000
4,68,76,99,50,95,620
5,10,13,33,51,02,604
4,98,26,74,50,99,076
5,08,96,19,50,91,922
4,04,19,06,48,79,149
4,77,40,30,49,30,049
5,02,82,85,51,01,060
5,03,41,73,51,00,789
2,78,31,78,51,03,669
50,37,29,65,10,30,51,50,00,000
5,09,74,83,50,99,638
3,34,10,46,47,95,992
4,72,34,78,49,28,604
5,04,09,24,50,89,054
4,69,69,21,50,89,940
5,04,38,41,51,00,815
2,95,23,00,11,28,144
3,29,27,78,50,98,605
2,61,99,48,96,140
5,04,19,26,50,71,96,55,00,00,00,00,00,000
5,09,23,77,50,98,231
2,72,51,03,46,65,188
5,06,44,82,51,00,710